733

33.038220 34.039201 28.445041
94.321682 98.723760 96.645302
39.577380 40.795321 38.537940

35.227141 33.038220 28.445041
90.300540 94.321682 96.645302
32.428560 39.577380 38.537940

34.039201 29.506921 28.445041
98.723760 101.029383 96.645302
40.795321 38.148000 38.537940

30.311281 35.227141 28.445041
92.898960 90.300540 96.645302
29.557980 32.428560 38.537940

30.311281 28.445041 29.506921
92.898960 96.645302 101.029383
29.557980 38.537940 38.148000

29.506921 33.323101 30.311281
101.029383 97.716061 92.898960
38.148000 29.010301 29.557980

15.305700 11.107500 12.296701
62.010901 61.733341 58.079281
26.653500 27.526740 31.635901

7.814881 12.296701 11.107500
60.293701 58.079281 61.733341
30.756361 31.635901 27.526740

12.296701 6.744180 12.288720
58.079281 55.059061 47.031841
31.635901 31.152300 31.320060

12.288720 18.247861 12.296701
47.031841 44.690822 58.079281
31.320060 28.953840 31.635901

6.744180 12.296701 7.814881
55.059061 58.079281 60.293701
31.152300 31.635901 30.756361

2.960520 6.744180 7.814881
64.649461 55.059061 60.293701
29.277001 31.152300 30.756361

11.107500 15.305700 10.582501
61.733341 62.010901 65.299922
27.526740 26.653500 20.695020

38.387221 34.039201 33.038220
92.475783 98.723760 94.321682
30.522300 40.795321 39.577380

38.387221 33.038220 35.227141
92.475783 94.321682 90.300540
30.522300 39.577380 32.428560

38.387221 36.906720 34.039201
92.475783 96.603363 98.723760
30.522300 29.292660 40.795321

36.906720 33.323101 29.506921
96.603363 97.716061 101.029383
29.292660 29.010301 38.148000

36.906720 29.506921 34.039201
96.603363 101.029383 98.723760
29.292660 38.148000 40.795321

34.046041 36.906720 37.276141
87.880980 96.603363 87.186123
16.507680 29.292660 16.163760

34.046041 33.323101 36.906720
87.880980 97.716061 96.603363
16.507680 29.010301 29.292660

40.008661 38.461981 37.276141
85.572361 81.252122 87.186123
20.238480 14.735160 16.163760

40.008661 37.276141 36.906720
85.572361 87.186123 96.603363
20.238480 16.163760 29.292660

36.906720 38.387221 40.008661
96.603363 92.475783 85.572361
29.292660 30.522300 20.238480

40.248181 38.524021 40.238941
0.000000 0.000000 4.042143
12.779100 7.349701 8.693700

40.238941 37.407841 37.852321
4.042143 3.384240 17.997483
8.693700 4.867020 7.581781

37.407841 40.238941 38.524021
3.384240 4.042143 0.000000
4.867020 8.693700 7.349701

38.524021 35.621940 37.407841
0.000000 0.000000 3.384240
7.349701 4.013940 4.867020

38.052661 38.209981 36.530041
22.270203 31.979401 23.850482
13.729140 18.790920 18.458940

30.500221 33.382080 34.198561
85.720321 78.372361 83.193841
22.695240 24.176160 25.210201

34.198561 35.227141 30.311281
83.193841 90.300540 92.898960
25.210201 32.428560 29.557980

34.198561 30.311281 30.500221
83.193841 92.898960 85.720321
25.210201 29.557980 22.695240

2.960520 2.147942 6.744180
64.649461 54.962341 55.059061
29.277001 28.075440 31.152300

9.306661 6.680641 9.018421
68.986921 68.015402 65.895062
13.342740 10.014540 16.653180

6.680641 6.401401 9.018421
68.015402 63.299761 65.895062
10.014540 9.426180 16.653180

9.306661 13.512961 15.422401
68.986921 67.519322 69.510481
13.342740 15.512700 16.526820

9.018421 13.512961 9.306661
65.895062 67.519322 68.986921
16.653180 15.512700 13.342740

10.582501 13.512961 9.018421
65.299922 67.519322 65.895062
20.695020 15.512700 16.653180

13.512961 10.582501 15.305700
67.519322 65.299922 62.010901
15.512700 20.695020 26.653500

19.710721 13.512961 17.570281
64.218362 67.519322 62.040601
16.295640 15.512700 20.669220

17.570281 13.512961 15.305700
62.040601 67.519322 62.010901
20.669220 15.512700 26.653500

13.512961 19.710721 15.422401
67.519322 64.218362 69.510481
15.512700 16.295640 16.526820

20.605321 18.598561 23.578981
52.867321 50.875681 49.324442
24.097800 28.239000 21.844620

20.605321 15.305700 18.598561
52.867321 62.010901 50.875681
24.097800 26.653500 28.239000

17.570281 15.305700 20.605321
62.040601 62.010901 52.867321
20.669220 26.653500 24.097800

18.598561 15.305700 12.296701
50.875681 62.010901 58.079281
28.239000 26.653500 31.635901

12.296701 18.247861 18.598561
58.079281 44.690822 50.875681
31.635901 28.953840 28.239000

43.048680 40.593721 38.209981
46.042561 44.956201 31.979401
20.659440 24.155340 18.790920

46.016700 46.535701 45.311220
84.721681 75.445561 75.577621
28.721760 21.920400 19.533960

38.239261 33.382080 38.374620
81.494821 78.372361 76.277761
23.333940 24.176160 21.039720

38.387221 38.239261 40.008661
92.475783 81.494821 85.572361
30.522300 23.333940 20.238480

38.239261 38.387221 35.227141
81.494821 92.475783 90.300540
23.333940 30.522300 32.428560

35.227141 34.198561 38.239261
90.300540 83.193841 81.494821
32.428560 25.210201 23.333940

34.198561 33.382080 38.239261
83.193841 78.372361 81.494821
25.210201 24.176160 23.333940

37.050181 37.886761 38.324041
72.311041 68.715362 75.961141
18.953460 14.144940 17.118720

38.324041 37.886761 38.461981
75.961141 68.715362 81.252122
17.118720 14.144940 14.735160

40.008661 38.324041 38.461981
85.572361 75.961141 81.252122
20.238480 17.118720 14.735160

40.008661 38.239261 38.324041
85.572361 81.494821 75.961141
20.238480 23.333940 17.118720

38.374620 37.050181 38.324041
76.277761 72.311041 75.961141
21.039720 18.953460 17.118720

38.239261 38.374620 38.324041
81.494821 76.277761 75.961141
23.333940 21.039720 17.118720

37.050181 38.374620 42.324241
72.311041 76.277761 78.201302
18.953460 21.039720 19.646640

37.050181 42.324241 41.594701
72.311041 78.201302 73.262642
18.953460 19.646640 16.482420

41.594701 42.324241 45.311220
73.262642 78.201302 75.577621
16.482420 19.646640 19.533960

42.324241 46.016700 45.311220
78.201302 84.721681 75.577621
19.646640 28.721760 19.533960

41.594701 37.886761 37.050181
73.262642 68.715362 72.311041
16.482420 14.144940 18.953460

40.310401 43.544582 38.363040
64.463761 64.885502 56.788681
13.005901 15.345540 10.920900

37.886761 43.544582 40.310401
68.715362 64.885502 64.463761
14.144940 15.345540 13.005901

37.886761 41.594701 43.544582
68.715362 73.262642 64.885502
14.144940 16.482420 15.345540

41.594701 45.311220 43.544582
73.262642 75.577621 64.885502
16.482420 19.533960 15.345540

44.591340 43.544582 45.311220
60.096481 64.885502 75.577621
16.553400 15.345540 19.533960

42.574561 38.726581 38.056741
54.912121 39.140761 49.938541
13.354020 10.982580 9.291660

38.056741 43.544582 42.574561
49.938541 64.885502 54.912121
9.291660 15.345540 13.354020

42.574561 43.544582 44.591340
54.912121 64.885502 60.096481
13.354020 15.345540 16.553400

38.363040 43.544582 38.056741
56.788681 64.885502 49.938541
10.920900 15.345540 9.291660

14.114521 14.838661 16.506241
105.039600 106.490343 101.635863
20.271060 24.902520 16.999500

13.282440 14.519521 15.996661
2.534341 19.367280 2.955601
4.935721 4.487340 2.737380

16.811941 13.282440 15.996661
0.000000 2.534341 2.955601
2.627160 4.935721 2.737380

13.282440 16.811941 12.367801
2.534341 0.000000 0.000000
4.935721 2.627160 6.434100

10.531261 11.621280 10.157880
0.000000 2.367060 1.519622
12.688080 17.959800 12.715620

10.531261 11.746681 11.621280
0.000000 0.000000 2.367060
12.688080 17.335680 17.959800

1.642681 6.149161 4.926301
65.727181 65.253602 60.695101
22.266541 19.566120 16.892820

10.582501 4.926301 6.149161
65.299922 60.695101 65.253602
20.695020 16.892820 19.566120

4.926301 10.582501 9.018421
60.695101 65.299922 65.895062
16.892820 20.695020 16.653180

4.926301 4.112581 2.715662
60.695101 56.491321 53.216581
16.892820 12.988500 16.478160

4.112581 4.926301 9.018421
56.491321 60.695101 65.895062
12.988500 16.892820 16.653180

6.401401 4.112581 9.018421
63.299761 56.491321 65.895062
9.426180 12.988500 16.653180

7.419900 4.112581 6.401401
58.854061 56.491321 63.299761
5.859120 12.988500 9.426180

0.756902 0.576841 2.715662
53.119441 58.328101 53.216581
21.173400 20.755680 16.478160

4.926301 0.576841 1.642681
60.695101 58.328101 65.727181
16.892820 20.755680 22.266541

0.576841 4.926301 2.715662
58.328101 60.695101 53.216581
20.755680 16.892820 16.478160

9.469141 4.364220 7.745701
30.530401 38.714762 32.769002
20.641260 20.634480 17.394000

4.364220 4.716541 7.745701
38.714762 40.043521 32.769002
20.634480 15.279480 17.394000

10.157880 10.880341 10.272301
1.519622 11.017141 11.281081
12.715620 15.135060 11.620560

10.157880 11.621280 10.880341
1.519622 2.367060 11.017141
12.715620 17.959800 15.135060

11.621280 12.133441 10.880341
2.367060 12.653700 11.017141
17.959800 17.641140 15.135060

22.128301 20.209321 20.632681
96.025443 89.604181 88.577582
26.892600 15.565200 17.705520

22.128301 19.862821 20.209321
96.025443 96.944883 89.604181
26.892600 23.190001 15.565200

19.862821 22.785421 20.209321
96.944883 93.504542 89.604181
23.190001 12.700260 15.565200

25.801501 29.738041 27.585661
84.051422 83.651581 88.656961
19.784520 16.890000 20.327760

22.128301 27.585661 27.192841
96.025443 88.656961 96.139501
26.892600 20.327760 27.249060

27.585661 20.632681 25.801501
88.656961 88.577582 84.051422
20.327760 17.705520 19.784520

20.632681 27.585661 22.128301
88.577582 88.656961 96.025443
17.705520 20.327760 26.892600

25.801501 20.632681 21.410521
84.051422 88.577582 79.219801
19.784520 17.705520 15.354600

29.431201 27.192841 27.585661
91.834263 96.139501 88.656961
21.254820 27.249060 20.327760

30.841081 29.431201 29.738041
86.586601 91.834263 83.651581
12.870240 21.254820 16.890000

27.585661 29.738041 29.431201
88.656961 83.651581 91.834263
20.327760 16.890000 21.254820

30.841081 28.875361 30.014881
86.586601 82.147801 91.320180
12.870240 7.691100 11.910660

28.060801 29.431201 30.841081
101.130302 91.834263 86.586601
25.767240 21.254820 12.870240

27.192841 29.431201 28.060801
96.139501 91.834263 101.130302
27.249060 21.254820 25.767240

28.060801 30.841081 30.014881
101.130302 86.586601 91.320180
25.767240 12.870240 11.910660

36.048241 36.530041 38.209981
32.595541 23.850482 31.979401
22.572300 18.458940 18.790920

40.593721 36.048241 38.209981
44.956201 32.595541 31.979401
24.155340 22.572300 18.790920

36.820501 32.489280 36.048241
44.314561 33.277382 32.595541
26.154960 24.638040 22.572300

28.402441 32.489280 36.820501
36.897361 33.277382 44.314561
25.728000 24.638040 26.154960

36.820501 36.048241 40.593721
44.314561 32.595541 44.956201
26.154960 22.572300 24.155340

28.402441 28.453321 32.489280
36.897361 29.202002 33.277382
25.728000 23.311080 24.638040

33.127261 33.116101 36.530041
26.679000 17.185500 23.850482
22.060920 22.011480 18.458940

28.453321 33.127261 32.489280
29.202002 26.679000 33.277382
23.311080 22.060920 24.638040

33.127261 36.530041 36.048241
26.679000 23.850482 32.595541
22.060920 18.458940 22.572300

36.048241 32.489280 33.127261
32.595541 33.277382 26.679000
22.572300 24.638040 22.060920

37.244401 34.334460 37.815841
71.331662 71.804522 63.959461
24.184380 23.698080 25.218240

43.169822 41.935621 37.815841
62.351821 67.172521 63.959461
24.327780 24.630240 25.218240

43.048680 43.169822 40.593721
46.042561 62.351821 44.956201
20.659440 24.327780 24.155340

37.244401 37.815841 41.935621
71.331662 63.959461 67.172521
24.184380 25.218240 24.630240

37.815841 36.957661 41.238960
63.959461 58.908361 56.164741
25.218240 24.030000 25.033440

36.820501 40.593721 41.238960
44.314561 44.956201 56.164741
26.154960 24.155340 25.033440

41.238960 40.593721 43.169822
56.164741 44.956201 62.351821
25.033440 24.155340 24.327780

43.169822 37.815841 41.238960
62.351821 63.959461 56.164741
24.327780 25.218240 25.033440

28.754041 33.382080 30.500221
78.113641 78.372361 85.720321
18.978900 24.176160 22.695240

26.983021 28.754041 29.738041
79.153202 78.113641 83.651581
17.164200 18.978900 16.890000

29.738041 25.801501 26.983021
83.651581 84.051422 79.153202
16.890000 19.784520 17.164200

26.983021 25.801501 21.410521
79.153202 84.051422 79.219801
17.164200 19.784520 15.354600

34.334460 36.567961 33.215281
71.804522 73.645982 74.899201
23.698080 20.861940 21.703800

37.244401 36.567961 34.334460
71.331662 73.645982 71.804522
24.184380 20.861940 23.698080

33.215281 36.567961 38.374620
74.899201 73.645982 76.277761
21.703800 20.861940 21.039720

38.374620 36.567961 37.244401
76.277761 73.645982 71.331662
21.039720 20.861940 24.184380

33.215281 38.374620 33.382080
74.899201 76.277761 78.372361
21.703800 21.039720 24.176160

28.754041 33.215281 33.382080
78.113641 74.899201 78.372361
18.978900 21.703800 24.176160

34.334460 33.215281 28.709821
71.804522 74.899201 74.370241
23.698080 21.703800 21.058020

28.709821 28.754041 24.655021
74.370241 78.113641 77.561461
21.058020 18.978900 18.091080

33.215281 28.754041 28.709821
74.899201 78.113641 74.370241
21.703800 18.978900 21.058020

28.754041 26.983021 24.655021
78.113641 79.153202 77.561461
18.978900 17.164200 18.091080

21.410521 24.655021 26.983021
79.219801 77.561461 79.153202
15.354600 18.091080 17.164200

17.248501 24.655021 21.410521
76.357981 77.561461 79.219801
16.584780 18.091080 15.354600

25.345561 24.656821 19.710721
62.300821 69.066362 64.218362
17.643180 17.272860 16.295640

19.710721 28.358641 25.345561
64.218362 55.579861 62.300821
16.295640 20.276340 17.643180

24.656821 24.655021 17.248501
69.066362 77.561461 76.357981
17.272860 18.091080 16.584780

17.248501 15.422401 24.656821
76.357981 69.510481 69.066362
16.584780 16.526820 17.272860

19.710721 24.656821 15.422401
64.218362 69.066362 69.510481
16.295640 17.272860 16.526820

36.717720 36.820501 41.238960
53.789341 44.314561 56.164741
25.770900 26.154960 25.033440

41.238960 36.957661 36.717720
56.164741 58.908361 53.789341
25.033440 24.030000 25.770900

36.957661 25.345561 36.717720
58.908361 62.300821 53.789341
24.030000 17.643180 25.770900

32.293981 36.717720 28.358641
48.343681 53.789341 55.579861
25.688760 25.770900 20.276340

25.345561 28.358641 36.717720
62.300821 55.579861 53.789341
17.643180 20.276340 25.770900

36.717720 32.293981 36.820501
53.789341 48.343681 44.314561
25.770900 25.688760 26.154960

36.820501 32.293981 28.402441
44.314561 48.343681 36.897361
26.154960 25.688760 25.728000

28.358641 19.710721 23.875501
55.579861 64.218362 54.811741
20.276340 16.295640 19.596600

23.875501 19.710721 21.577501
54.811741 64.218362 60.234061
19.596600 16.295640 18.293700

17.570281 21.577501 19.710721
62.040601 60.234061 64.218362
20.669220 18.293700 16.295640

17.570281 20.605321 21.577501
62.040601 52.867321 60.234061
20.669220 24.097800 18.293700

23.578981 23.875501 21.577501
49.324442 54.811741 60.234061
21.844620 19.596600 18.293700

20.605321 23.578981 21.577501
52.867321 49.324442 60.234061
24.097800 21.844620 18.293700

32.293981 26.301541 24.793861
48.343681 46.529101 39.842461
25.688760 23.342340 24.626220

32.293981 28.358641 26.301541
48.343681 55.579861 46.529101
25.688760 20.276340 23.342340

28.358641 23.875501 26.301541
55.579861 54.811741 46.529101
20.276340 19.596600 23.342340

24.793861 26.301541 23.578981
39.842461 46.529101 49.324442
24.626220 23.342340 21.844620

23.875501 23.578981 26.301541
54.811741 49.324442 46.529101
19.596600 21.844620 23.342340

24.793861 28.402441 32.293981
39.842461 36.897361 48.343681
24.626220 25.728000 25.688760

21.123781 24.793861 22.799701
38.627942 39.842461 44.430662
25.803600 24.626220 23.905560

23.578981 22.799701 24.793861
49.324442 44.430662 39.842461
21.844620 23.905560 24.626220

22.799701 23.578981 18.598561
44.430662 49.324442 50.875681
23.905560 21.844620 28.239000

18.247861 21.123781 22.799701
44.690822 38.627942 44.430662
28.953840 25.803600 23.905560

18.247861 22.799701 18.598561
44.690822 44.430662 50.875681
28.953840 23.905560 28.239000

22.224721 24.793861 21.980401
32.340181 39.842461 34.406101
23.792280 24.626220 24.604680

28.402441 22.224721 28.453321
36.897361 32.340181 29.202002
25.728000 23.792280 23.311080

24.793861 22.224721 28.402441
39.842461 32.340181 36.897361
24.626220 23.792280 25.728000

24.793861 21.123781 21.980401
39.842461 38.627942 34.406101
24.626220 25.803600 24.604680

33.127261 28.453321 29.702401
26.679000 29.202002 23.055060
22.060920 23.311080 22.639860

28.453321 22.224721 29.702401
29.202002 32.340181 23.055060
23.311080 23.792280 22.639860

29.975341 30.029641 35.300941
16.345500 2.648703 3.838681
23.308800 25.423680 23.596320

33.116101 29.702401 29.975341
17.185500 23.055060 16.345500
22.011480 22.639860 23.308800

29.702401 33.116101 33.127261
23.055060 17.185500 26.679000
22.639860 22.011480 22.060920

35.300941 33.116101 29.975341
3.838681 17.185500 16.345500
23.596320 22.011480 23.308800

35.648581 37.983720 38.052661
16.297621 16.146362 22.270203
19.836660 15.651240 13.729140

36.530041 35.648581 38.052661
23.850482 16.297621 22.270203
18.458940 19.836660 13.729140

33.116101 35.648581 36.530041
17.185500 16.297621 23.850482
22.011480 19.836660 18.458940

35.300941 35.648581 33.116101
3.838681 16.297621 17.185500
23.596320 19.836660 22.011480

41.037301 39.171301 37.983720
4.588920 13.319821 16.146362
13.175160 10.921320 15.651240

40.238941 39.171301 41.037301
4.042143 13.319821 4.588920
8.693700 10.921320 13.175160

40.248181 40.238941 41.037301
0.000000 4.042143 4.588920
12.779100 8.693700 13.175160

39.171301 40.238941 37.852321
13.319821 4.042143 17.997483
10.921320 8.693700 7.581781

38.052661 39.171301 37.852321
22.270203 13.319821 17.997483
13.729140 10.921320 7.581781

39.171301 38.052661 37.983720
13.319821 22.270203 16.146362
10.921320 13.729140 15.651240

38.409780 38.209981 38.052661
32.630702 31.979401 22.270203
12.982920 18.790920 13.729140

38.409780 38.052661 37.852321
32.630702 22.270203 17.997483
12.982920 13.729140 7.581781

43.048680 44.591340 45.116941
46.042561 60.096481 65.661002
20.659440 16.553400 20.617320

45.311220 45.116941 44.591340
75.577621 65.661002 60.096481
19.533960 20.617320 16.553400

45.311220 46.535701 45.116941
75.577621 75.445561 65.661002
19.533960 21.920400 20.617320

41.935621 44.664960 44.894101
67.172521 65.956441 72.553082
24.630240 22.205760 25.997040

43.169822 45.116941 44.664960
62.351821 65.661002 65.956441
24.327780 20.617320 22.205760

43.169822 43.048680 45.116941
62.351821 46.042561 65.661002
24.327780 20.659440 20.617320

43.169822 44.664960 41.935621
62.351821 65.956441 67.172521
24.327780 22.205760 24.630240

42.473161 38.057341 38.726581
45.494281 34.208041 39.140761
15.801600 11.567280 10.982580

42.574561 42.473161 38.726581
54.912121 45.494281 39.140761
13.354020 15.801600 10.982580

42.473161 42.574561 44.591340
45.494281 54.912121 60.096481
15.801600 13.354020 16.553400

44.591340 43.048680 42.436500
60.096481 46.042561 42.706262
16.553400 20.659440 17.959500

42.436500 43.048680 38.209981
42.706262 46.042561 31.979401
17.959500 20.659440 18.790920

42.436500 38.209981 38.409780
42.706262 31.979401 32.630702
17.959500 18.790920 12.982920

42.473161 42.436500 38.057341
45.494281 42.706262 34.208041
15.801600 17.959500 11.567280

42.436500 42.473161 44.591340
42.706262 45.494281 60.096481
17.959500 15.801600 16.553400

38.057341 42.436500 38.409780
34.208041 42.706262 32.630702
11.567280 17.959500 12.982920

19.307761 19.134781 20.209321
81.196321 84.909961 89.604181
12.291120 13.888380 15.565200

19.516261 21.410521 19.134781
81.784741 79.219801 84.909961
12.410941 15.354600 13.888380

19.134781 21.410521 20.632681
84.909961 79.219801 88.577582
13.888380 15.354600 17.705520

20.632681 20.209321 19.134781
88.577582 89.604181 84.909961
17.705520 15.565200 13.888380

13.299901 15.645301 16.105501
100.958641 95.526241 101.134440
24.920761 19.930380 23.326320

16.506241 14.838661 16.105501
101.635863 106.490343 101.134440
16.999500 24.902520 23.326320

12.222000 13.299901 16.105501
105.743701 100.958641 101.134440
26.401320 24.920761 23.326320

16.105501 14.838661 12.222000
101.134440 106.490343 105.743701
23.326320 24.902520 26.401320

9.338101 13.299901 12.222000
101.920681 100.958641 105.743701
23.765820 24.920761 26.401320

16.506241 16.105501 17.531641
101.635863 101.134440 95.162162
16.999500 23.326320 16.127880

17.531641 15.645301 18.502501
95.162162 95.526241 88.547401
16.127880 19.930380 13.429800

16.105501 15.645301 17.531641
101.134440 95.526241 95.162162
23.326320 19.930380 16.127880

18.502501 15.645301 15.743041
88.547401 95.526241 88.117143
13.429800 19.930380 15.851820

15.743041 19.134781 18.502501
88.117143 84.909961 88.547401
15.851820 13.888380 13.429800

18.502501 19.134781 19.307761
88.547401 84.909961 81.196321
13.429800 13.888380 12.291120

17.531641 16.211161 16.506241
95.162162 93.164703 101.635863
16.127880 9.188821 16.999500

37.407841 35.976420 37.852321
3.384240 20.153582 17.997483
4.867020 5.189281 7.581781

29.581081 26.046601 27.873721
2.534523 3.085202 12.555660
0.445560 0.000000 1.306320

29.581081 27.873721 33.077041
2.534523 12.555660 21.283143
0.445560 1.306320 3.826741

29.581081 26.128621 26.046601
2.534523 0.000000 3.085202
0.445560 0.378301 0.000000

22.730701 26.046601 20.082661
20.115420 3.085202 19.536842
1.683721 0.000000 1.693080

27.873721 26.046601 22.730701
12.555660 3.085202 20.115420
1.306320 0.000000 1.683721

11.227321 11.141581 12.367801
0.000000 1.324922 0.000000
8.538420 8.024400 6.434100

10.157880 11.141581 11.227321
1.519622 1.324922 0.000000
12.715620 8.024400 8.538420

11.227321 10.531261 10.157880
0.000000 0.000000 1.519622
8.538420 12.688080 12.715620

10.157880 10.272301 11.141581
1.519622 11.281081 1.324922
12.715620 11.620560 8.024400

13.282440 12.367801 11.141581
2.534341 0.000000 1.324922
4.935721 6.434100 8.024400

21.980401 18.064201 22.224721
34.406101 26.732880 32.340181
24.604680 23.241660 23.792280

21.980401 16.979101 18.064201
34.406101 30.928082 26.732880
24.604680 24.448560 23.241660

7.825021 2.147942 8.035381
44.318282 54.962341 39.414482
29.421540 28.075440 27.440460

12.288720 6.744180 7.825021
47.031841 55.059061 44.318282
31.320060 31.152300 29.421540

6.744180 2.147942 7.825021
55.059061 54.962341 44.318282
31.152300 28.075440 29.421540

9.928441 8.099100 9.794641
88.107301 88.606321 78.903002
14.599380 11.928780 13.687620

16.610701 19.516261 15.382501
78.229501 81.784741 80.539561
14.543820 12.410941 15.475200

9.794641 16.610701 15.382501
78.903002 78.229501 80.539561
13.687620 14.543820 15.475200

15.382501 19.516261 19.134781
80.539561 81.784741 84.909961
15.475200 12.410941 13.888380

19.134781 15.743041 15.382501
84.909961 88.117143 80.539561
13.888380 15.851820 15.475200

15.382501 15.743041 9.928441
80.539561 88.117143 88.107301
15.475200 15.851820 14.599380

15.382501 9.928441 9.794641
80.539561 88.107301 78.903002
15.475200 14.599380 13.687620

21.410521 16.610701 17.248501
79.219801 78.229501 76.357981
15.354600 14.543820 16.584780

21.410521 19.516261 16.610701
79.219801 81.784741 78.229501
15.354600 12.410941 14.543820

9.306661 9.349621 6.680641
68.986921 73.898941 68.015402
13.342740 13.191960 10.014540

9.306661 15.422401 9.349621
68.986921 69.510481 73.898941
13.342740 16.526820 13.191960

9.349621 15.422401 17.248501
73.898941 69.510481 76.357981
13.191960 16.526820 16.584780

16.610701 9.349621 17.248501
78.229501 73.898941 76.357981
14.543820 13.191960 16.584780

8.270940 6.680641 9.349621
76.477502 68.015402 73.898941
11.434380 10.014540 13.191960

9.349621 16.610701 8.270940
73.898941 78.229501 76.477502
13.191960 14.543820 11.434380

8.270940 16.610701 9.794641
76.477502 78.229501 78.903002
11.434380 14.543820 13.687620

8.270940 9.794641 8.099100
76.477502 78.903002 88.606321
11.434380 13.687620 11.928780

8.270940 7.899000 6.680641
76.477502 74.239681 68.015402
11.434380 7.830540 10.014540

8.270940 8.099100 7.899000
76.477502 88.606321 74.239681
11.434380 11.928780 7.830540

0.643321 2.960520 2.343121
62.805661 64.649461 73.558082
25.485721 29.277001 29.751180

3.713762 5.331361 2.845561
85.386001 87.214022 86.240401
31.738680 29.923740 27.478141

3.713762 2.845561 3.349201
85.386001 86.240401 81.140222
31.738680 27.478141 26.456341

11.602921 10.519921 11.107500
68.402762 72.296582 61.733341
23.719740 28.225501 27.526740

10.582501 11.602921 11.107500
65.299922 68.402762 61.733341
20.695020 23.719740 27.526740

7.814881 7.091521 2.960520
60.293701 66.949681 64.649461
30.756361 30.884460 29.277001

7.950300 7.091521 11.107500
74.477522 66.949681 61.733341
32.257560 30.884460 27.526740

11.107500 7.091521 7.814881
61.733341 66.949681 60.293701
27.526740 30.884460 30.756361

10.519921 7.950300 11.107500
72.296582 74.477522 61.733341
28.225501 32.257560 27.526740

10.519921 11.602921 9.376141
72.296582 68.402762 73.238161
28.225501 23.719740 22.184100

11.602921 10.582501 9.376141
68.402762 65.299922 73.238161
23.719740 20.695020 22.184100

10.582501 6.149161 9.376141
65.299922 65.253602 73.238161
20.695020 19.566120 22.184100

11.502780 10.690380 9.168901
78.919381 79.349522 84.393182
27.780840 24.664320 29.242980

9.376141 10.690380 11.502780
73.238161 79.349522 78.919381
22.184100 24.664320 27.780840

10.519921 9.376141 11.502780
72.296582 73.238161 78.919381
28.225501 22.184100 27.780840

9.376141 8.442661 10.690380
73.238161 79.563062 79.349522
22.184100 22.294860 24.664320

7.703340 5.331361 3.713762
82.470542 87.214022 85.386001
32.669220 29.923740 31.738680

7.950300 10.008781 7.703340
74.477522 76.993741 82.470542
32.257560 31.306381 32.669220

10.008781 7.950300 10.519921
76.993741 74.477522 72.296582
31.306381 32.257560 28.225501

10.519921 11.502780 10.008781
72.296582 78.919381 76.993741
28.225501 27.780840 31.306381

9.168901 7.703340 10.008781
84.393182 82.470542 76.993741
29.242980 32.669220 31.306381

5.331361 7.703340 9.168901
87.214022 82.470542 84.393182
29.923740 32.669220 29.242980

10.008781 11.502780 9.168901
76.993741 78.919381 84.393182
31.306381 27.780840 29.242980

4.244281 2.343121 5.919482
79.754941 73.558082 78.018181
30.751500 29.751180 32.693521

2.960520 5.919482 2.343121
64.649461 78.018181 73.558082
29.277001 32.693521 29.751180

5.919482 2.960520 7.091521
78.018181 64.649461 66.949681
32.693521 29.277001 30.884460

5.919482 7.091521 7.950300
78.018181 66.949681 74.477522
32.693521 30.884460 32.257560

7.703340 5.919482 7.950300
82.470542 78.018181 74.477522
32.669220 32.693521 32.257560

3.713762 4.244281 5.919482
85.386001 79.754941 78.018181
31.738680 30.751500 32.693521

7.703340 3.713762 5.919482
82.470542 85.386001 78.018181
32.669220 31.738680 32.693521

3.349201 4.244281 3.713762
81.140222 79.754941 85.386001
26.456341 30.751500 31.738680

6.340381 4.929900 2.845561
85.335841 84.055381 86.240401
24.556080 23.880301 27.478141

8.442661 4.929900 6.340381
79.563062 84.055381 85.335841
22.294860 23.880301 24.556080

5.331361 6.340381 2.845561
87.214022 85.335841 86.240401
29.923740 24.556080 27.478141

6.340381 5.331361 9.168901
85.335841 87.214022 84.393182
24.556080 29.923740 29.242980

9.168901 10.690380 6.340381
84.393182 79.349522 85.335841
29.242980 24.664320 24.556080

6.340381 10.690380 8.442661
85.335841 79.349522 79.563062
24.556080 24.664320 22.294860

4.929900 3.349201 2.845561
84.055381 81.140222 86.240401
23.880301 26.456341 27.478141

3.240060 3.349201 4.929900
75.588421 81.140222 84.055381
22.326240 26.456341 23.880301

5.579161 3.240060 4.929900
76.647241 75.588421 84.055381
21.328080 22.326240 23.880301

5.579161 4.929900 8.442661
76.647241 84.055381 79.563062
21.328080 23.880301 22.294860

5.579161 8.442661 9.376141
76.647241 79.563062 73.238161
21.328080 22.294860 22.184100

6.149161 5.579161 9.376141
65.253602 76.647241 73.238161
19.566120 21.328080 22.184100

1.642681 3.240060 5.579161
65.727181 75.588421 76.647241
22.266541 22.326240 21.328080

6.149161 1.642681 5.579161
65.253602 65.727181 76.647241
19.566120 22.266541 21.328080

1.616641 1.642681 1.283521
74.862601 65.727181 73.980902
24.684900 22.266541 26.582340

1.642681 1.616641 3.240060
65.727181 74.862601 75.588421
22.266541 24.684900 22.326240

1.642681 0.576841 1.283521
65.727181 58.328101 73.980902
22.266541 20.755680 26.582340

0.643321 2.343121 1.283521
62.805661 73.558082 73.980902
25.485721 29.751180 26.582340

2.343121 4.244281 1.283521
73.558082 79.754941 73.980902
29.751180 30.751500 26.582340

1.283521 3.349201 1.616641
73.980902 81.140222 74.862601
26.582340 26.456341 24.684900

3.240060 1.616641 3.349201
75.588421 74.862601 81.140222
22.326240 24.684900 26.456341

4.244281 3.349201 1.283521
79.754941 81.140222 73.980902
30.751500 26.456341 26.582340

4.364220 0.784741 0.000000
38.714762 55.620601 55.704961
20.634480 26.756701 24.647940

0.784741 0.643321 0.000000
55.620601 62.805661 55.704961
26.756701 25.485721 24.647940

2.147942 2.960520 0.784741
54.962341 64.649461 55.620601
28.075440 29.277001 26.756701

0.643321 0.784741 2.960520
62.805661 55.620601 64.649461
25.485721 26.756701 29.277001

0.643321 1.283521 0.000000
62.805661 73.980902 55.704961
25.485721 26.582340 24.647940

0.000000 1.283521 0.576841
55.704961 73.980902 58.328101
24.647940 26.582340 20.755680

0.576841 0.756902 0.000000
58.328101 53.119441 55.704961
20.755680 21.173400 24.647940

4.120021 7.419900 5.949721
49.268762 58.854061 44.248741
13.126860 5.859120 11.979900

4.120021 0.756902 2.715662
49.268762 53.119441 53.216581
13.126860 21.173400 16.478160

4.120021 2.715662 4.112581
49.268762 53.216581 56.491321
13.126860 16.478160 12.988500

4.120021 4.112581 7.419900
49.268762 56.491321 58.854061
13.126860 12.988500 5.859120

9.400981 5.949721 11.195401
36.780542 44.248741 40.888322
11.040180 11.979900 8.844720

4.716541 4.120021 5.949721
40.043521 49.268762 44.248741
15.279480 13.126860 11.979900

4.716541 5.949721 9.400981
40.043521 44.248741 36.780542
15.279480 11.979900 11.040180

23.514841 18.213361 21.749221
101.333581 102.589620 98.615763
35.891340 32.446141 33.443461

23.514841 21.749221 27.192841
101.333581 98.615763 96.139501
35.891340 33.443461 27.249060

18.213361 19.862821 21.749221
102.589620 96.944883 98.615763
32.446141 23.190001 33.443461

21.749221 19.862821 22.128301
98.615763 96.944883 96.025443
33.443461 23.190001 26.892600

22.128301 27.192841 21.749221
96.025443 96.139501 98.615763
26.892600 27.249060 33.443461

23.514841 27.192841 28.060801
101.333581 96.139501 101.130302
35.891340 27.249060 25.767240

28.060801 24.167641 23.514841
101.130302 105.425341 101.333581
25.767240 35.010601 35.891340

24.167641 28.060801 19.816441
105.425341 101.130302 104.972463
35.010601 25.767240 30.762660

22.785421 19.862821 19.816441
93.504542 96.944883 104.972463
12.700260 23.190001 30.762660

21.007621 24.167641 19.816441
106.548722 105.425341 104.972463
33.590881 35.010601 30.762660

19.816441 18.213361 21.007621
104.972463 102.589620 106.548722
30.762660 32.446141 33.590881

18.213361 19.816441 19.862821
102.589620 104.972463 96.944883
32.446141 30.762660 23.190001

21.007621 18.213361 23.514841
106.548722 102.589620 101.333581
33.590881 32.446141 35.891340

24.167641 21.007621 23.514841
105.425341 106.548722 101.333581
35.010601 33.590881 35.891340

29.738041 31.410481 31.221181
83.651581 87.855481 82.051141
16.890000 19.940340 15.152220

31.410481 29.738041 28.754041
87.855481 83.651581 78.113641
19.940340 16.890000 18.978900

31.410481 28.754041 30.500221
87.855481 78.113641 85.720321
19.940340 18.978900 22.695240

31.410481 30.500221 30.311281
87.855481 85.720321 92.898960
19.940340 22.695240 29.557980

31.410481 30.311281 33.323101
87.855481 92.898960 97.716061
19.940340 29.557980 29.010301

31.221181 31.410481 34.046041
82.051141 87.855481 87.880980
15.152220 19.940340 16.507680

34.046041 31.410481 33.323101
87.880980 87.855481 97.716061
16.507680 19.940340 29.010301

37.276141 36.637141 34.111741
87.186123 80.570401 80.520721
16.163760 12.706081 12.279600

36.637141 33.978661 34.111741
80.570401 71.520481 80.520721
12.706081 10.221600 12.279600

36.637141 37.276141 38.461981
80.570401 87.186123 81.252122
12.706081 16.163760 14.735160

34.046041 34.111741 31.221181
87.880980 80.520721 82.051141
16.507680 12.279600 15.152220

34.111741 34.046041 37.276141
80.520721 87.880980 87.186123
12.279600 16.507680 16.163760

36.794581 36.983280 40.310401
60.858241 66.158221 64.463761
9.095701 10.670280 13.005901

36.794581 40.310401 38.363040
60.858241 64.463761 56.788681
9.095701 13.005901 10.920900

36.983280 33.978661 36.637141
66.158221 71.520481 80.570401
10.670280 10.221600 12.706081

38.461981 36.983280 36.637141
81.252122 66.158221 80.570401
14.735160 10.670280 12.706081

36.983280 38.461981 37.886761
66.158221 81.252122 68.715362
10.670280 14.735160 14.144940

37.886761 40.310401 36.983280
68.715362 64.463761 66.158221
14.144940 13.005901 10.670280

28.509721 28.400941 24.209941
58.761661 52.010702 52.173602
5.623260 3.650700 2.285820

24.655021 28.661641 28.709821
77.561461 69.213122 74.370241
18.091080 19.893060 21.058020

28.661641 24.656821 29.319721
69.213122 69.066362 64.427701
19.893060 17.272860 20.378520

24.655021 24.656821 28.661641
77.561461 69.066362 69.213122
18.091080 17.272860 19.893060

29.319721 24.656821 25.345561
64.427701 69.066362 62.300821
20.378520 17.272860 17.643180

36.957661 29.319721 25.345561
58.908361 64.427701 62.300821
24.030000 20.378520 17.643180

37.815841 29.319721 36.957661
63.959461 64.427701 58.908361
25.218240 20.378520 24.030000

34.334460 28.661641 29.319721
71.804522 69.213122 64.427701
23.698080 19.893060 20.378520

34.334460 28.709821 28.661641
71.804522 74.370241 69.213122
23.698080 21.058020 19.893060

37.815841 34.334460 29.319721
63.959461 71.804522 64.427701
25.218240 23.698080 20.378520

17.856721 26.147941 22.593961
21.105241 14.230381 22.160400
22.465920 23.869020 23.125680

26.147941 17.856721 22.201081
14.230381 21.105241 10.772163
23.869020 22.465920 23.700420

29.975341 22.593961 26.147941
16.345500 22.160400 14.230381
23.308800 23.125680 23.869020

29.975341 29.702401 22.593961
16.345500 23.055060 22.160400
23.308800 22.639860 23.125680

29.702401 22.224721 22.593961
23.055060 32.340181 22.160400
22.639860 23.792280 23.125680

18.064201 22.593961 22.224721
26.732880 22.160400 32.340181
23.241660 23.125680 23.792280

22.593961 18.064201 17.856721
22.160400 26.732880 21.105241
23.125680 23.241660 22.465920

34.074541 37.827961 35.300941
0.000000 0.000000 3.838681
23.616420 20.409120 23.596320

30.029641 34.074541 35.300941
2.648703 0.000000 3.838681
25.423680 23.616420 23.596320

30.465661 30.029641 26.299981
0.000000 2.648703 0.000000
24.981780 25.423680 25.426201

30.029641 30.465661 34.074541
2.648703 0.000000 0.000000
25.423680 24.981780 23.616420

11.746681 15.355561 15.814141
0.000000 0.000000 1.512723
17.335680 21.774480 22.513680

11.746681 15.814141 11.621280
0.000000 1.512723 2.367060
17.335680 22.513680 17.959800

22.201081 15.680581 18.541621
10.772163 9.024303 8.080741
23.700420 21.108360 22.813680

22.201081 17.856721 15.680581
10.772163 21.105241 9.024303
23.700420 22.465920 21.108360

18.541621 15.680581 15.814141
8.080741 9.024303 1.512723
22.813680 21.108360 22.513680

12.133441 11.621280 15.680581
12.653700 2.367060 9.024303
17.641140 17.959800 21.108360

11.621280 15.814141 15.680581
2.367060 1.512723 9.024303
17.959800 22.513680 21.108360

15.355561 19.076881 15.814141
0.000000 0.000000 1.512723
21.774480 23.996580 22.513680

18.541621 15.814141 21.073981
8.080741 1.512723 1.921080
22.813680 22.513680 24.856620

19.076881 21.073981 15.814141
0.000000 1.921080 1.512723
23.996580 24.856620 22.513680

21.073981 19.076881 22.155661
1.921080 0.000000 0.000000
24.856620 23.996580 24.976441

21.073981 22.155661 25.068901
1.921080 0.000000 2.072221
24.856620 24.976441 25.515300

22.155661 26.299981 25.068901
0.000000 0.000000 2.072221
24.976441 25.426201 25.515300

26.299981 30.029641 25.068901
0.000000 2.648703 2.072221
25.426201 25.423680 25.515300

30.029641 29.975341 25.068901
2.648703 16.345500 2.072221
25.423680 23.308800 25.515300

29.975341 26.147941 25.068901
16.345500 14.230381 2.072221
23.308800 23.869020 25.515300

22.201081 21.073981 25.068901
10.772163 1.921080 2.072221
23.700420 24.856620 25.515300

21.073981 22.201081 18.541621
1.921080 10.772163 8.080741
24.856620 23.700420 22.813680

22.201081 25.068901 26.147941
10.772163 2.072221 14.230381
23.700420 25.515300 23.869020

35.648581 39.127620 37.983720
16.297621 3.927602 16.146362
19.836660 19.834140 15.651240

35.648581 35.300941 39.127620
16.297621 3.838681 3.927602
19.836660 23.596320 19.834140

35.300941 37.827961 39.127620
3.838681 0.000000 3.927602
23.596320 20.409120 19.834140

40.536840 39.127620 39.230821
3.624240 3.927602 0.000000
17.052960 19.834140 18.138840

37.827961 39.230821 39.127620
0.000000 0.000000 3.927602
20.409120 18.138840 19.834140

39.230821 40.248181 40.536840
0.000000 0.000000 3.624240
18.138840 12.779100 17.052960

40.536840 37.983720 39.127620
3.624240 16.146362 3.927602
17.052960 15.651240 19.834140

40.536840 40.248181 41.037301
3.624240 0.000000 4.588920
17.052960 12.779100 13.175160

41.037301 37.983720 40.536840
4.588920 16.146362 3.624240
13.175160 15.651240 17.052960

35.860801 38.057341 38.409780
30.843242 34.208041 32.630702
8.432520 11.567280 12.982920

38.409780 37.852321 35.860801
32.630702 17.997483 30.843242
12.982920 7.581781 8.432520

37.852321 35.976420 35.860801
17.997483 20.153582 30.843242
7.581781 5.189281 8.432520

35.860801 35.976420 32.630521
30.843242 20.153582 28.734121
8.432520 5.189281 5.504941

33.077041 32.630521 35.976420
21.283143 28.734121 20.153582
3.826741 5.504941 5.189281

10.464781 13.821181 8.348580
53.854202 48.361741 51.234781
4.623420 4.963620 7.223700

13.821181 11.195401 8.348580
48.361741 40.888322 51.234781
4.963620 8.844720 7.223700

11.195401 5.949721 8.348580
40.888322 44.248741 51.234781
8.844720 11.979900 7.223700

7.419900 10.464781 8.348580
58.854061 53.854202 51.234781
5.859120 4.623420 7.223700

8.348580 5.949721 7.419900
51.234781 44.248741 58.854061
7.223700 11.979900 5.859120

17.675461 17.931781 14.745541
91.329482 86.396041 87.082381
9.378000 7.551840 5.519401

17.675461 18.502501 17.931781
91.329482 88.547401 86.396041
9.378000 13.429800 7.551840

16.211161 17.675461 14.745541
93.164703 91.329482 87.082381
9.188821 9.378000 5.519401

16.211161 17.531641 17.675461
93.164703 95.162162 91.329482
9.188821 16.127880 9.378000

17.531641 18.502501 17.675461
95.162162 88.547401 91.329482
16.127880 13.429800 9.378000

19.307761 17.931781 18.502501
81.196321 86.396041 88.547401
12.291120 7.551840 13.429800

19.277881 17.931781 19.307761
76.822082 86.396041 81.196321
8.317800 7.551840 12.291120

16.924081 19.277881 17.776201
76.805161 76.822082 71.995441
4.672861 8.317800 3.330121

13.524781 16.924081 17.776201
77.509441 76.805161 71.995441
3.859740 4.672861 3.330121

13.524781 14.745541 16.924081
77.509441 87.082381 76.805161
3.859740 5.519401 4.672861

17.931781 16.924081 14.745541
86.396041 76.805161 87.082381
7.551840 4.672861 5.519401

16.924081 17.931781 19.277881
76.805161 86.396041 76.822082
4.672861 7.551840 8.317800

14.747221 13.524781 17.776201
69.006241 77.509441 71.995441
1.040701 3.859740 3.330121

24.214621 22.550641 25.081021
75.015661 82.447321 83.610122
5.184781 7.424820 6.694020

19.277881 22.550641 24.214621
76.822082 82.447321 75.015661
8.317800 7.424820 5.184781

19.307761 22.550641 19.277881
81.196321 82.447321 76.822082
12.291120 7.424820 8.317800

22.550641 19.307761 20.209321
82.447321 81.196321 89.604181
7.424820 12.291120 15.565200

25.081021 22.550641 22.785421
83.610122 82.447321 93.504542
6.694020 7.424820 12.700260

20.209321 22.785421 22.550641
89.604181 93.504542 82.447321
15.565200 12.700260 7.424820

25.597561 25.081021 22.785421
92.970182 83.610122 93.504542
11.128740 6.694020 12.700260

25.081021 25.597561 30.014881
83.610122 92.970182 91.320180
6.694020 11.128740 11.910660

30.014881 28.875361 25.081021
91.320180 82.147801 83.610122
11.910660 7.691100 6.694020

29.738041 30.168001 30.841081
83.651581 80.522581 86.586601
16.890000 13.243500 12.870240

30.168001 29.738041 31.221181
80.522581 83.651581 82.051141
13.243500 16.890000 15.152220

30.168001 31.221181 29.984821
80.522581 82.051141 76.026782
13.243500 15.152220 12.080220

29.984821 31.221181 34.111741
76.026782 82.051141 80.520721
12.080220 15.152220 12.279600

34.111741 33.978661 29.984821
80.520721 71.520481 76.026782
12.279600 10.221600 12.080220

25.081021 27.539941 24.214621
83.610122 74.134142 75.015661
6.694020 6.267181 5.184781

27.539941 28.875361 29.572021
74.134142 82.147801 75.447181
6.267181 7.691100 9.042660

25.081021 28.875361 27.539941
83.610122 82.147801 74.134142
6.694020 7.691100 6.267181

28.875361 30.841081 29.572021
82.147801 86.586601 75.447181
7.691100 12.870240 9.042660

30.168001 29.572021 30.841081
80.522581 75.447181 86.586601
13.243500 9.042660 12.870240

29.984821 27.539941 29.572021
76.026782 74.134142 75.447181
12.080220 6.267181 9.042660

30.168001 29.984821 29.572021
80.522581 76.026782 75.447181
13.243500 12.080220 9.042660

30.904140 33.978661 36.983280
65.357581 71.520481 66.158221
7.012860 10.221600 10.670280

30.904140 36.983280 36.794581
65.357581 66.158221 60.858241
7.012860 10.670280 9.095701

30.310981 33.978661 30.904140
67.889282 71.520481 65.357581
7.460461 10.221600 7.012860

28.509721 30.904140 36.794581
58.761661 65.357581 60.858241
5.623260 7.012860 9.095701

29.984821 30.310981 27.539941
76.026782 67.889282 74.134142
12.080220 7.460461 6.267181

33.978661 30.310981 29.984821
71.520481 67.889282 76.026782
10.221600 7.460461 12.080220

28.509721 26.938921 30.904140
58.761661 64.782541 65.357581
5.623260 2.943901 7.012860

26.938921 28.509721 24.358561
64.782541 58.761661 60.486241
2.943901 5.623260 2.521260

27.130201 24.214621 27.539941
68.198942 75.015661 74.134142
3.271500 5.184781 6.267181

27.130201 30.904140 26.938921
68.198942 65.357581 64.782541
3.271500 7.012860 2.943901

27.539941 30.310981 27.130201
74.134142 67.889282 68.198942
6.267181 7.460461 3.271500

30.904140 27.130201 30.310981
65.357581 68.198942 67.889282
7.012860 3.271500 7.460461

21.304801 17.776201 19.277881
70.389541 71.995441 76.822082
3.468420 3.330121 8.317800

21.304801 19.277881 24.214621
70.389541 76.822082 75.015661
3.468420 8.317800 5.184781

24.214621 20.578141 21.304801
75.015661 65.645462 70.389541
5.184781 1.076699 3.468420

24.214621 27.130201 20.578141
75.015661 68.198942 65.645462
5.184781 3.271500 1.076699

27.130201 26.938921 20.578141
68.198942 64.782541 65.645462
3.271500 2.943901 1.076699

17.776201 21.304801 20.578141
71.995441 70.389541 65.645462
3.330121 3.468420 1.076699

24.358561 20.578141 26.938921
60.486241 65.645462 64.782541
2.521260 1.076699 2.943901

20.578141 14.747221 17.776201
65.645462 69.006241 71.995441
1.076699 1.040701 3.330121

20.578141 20.653561 18.822061
65.645462 59.998081 60.503821
1.076699 0.501180 0.159300

18.822061 12.836641 14.747221
60.503821 65.604901 69.006241
0.159300 0.791820 1.040701

18.822061 14.747221 20.578141
60.503821 69.006241 65.645462
0.159300 1.040701 1.076699

20.578141 24.358561 20.653561
65.645462 60.486241 59.998081
1.076699 2.521260 0.501180

28.509721 20.653561 24.358561
58.761661 59.998081 60.486241
5.623260 0.501180 2.521260

20.653561 24.209941 18.822061
59.998081 52.173602 60.503821
0.501180 2.285820 0.159300

24.209941 22.536601 18.822061
52.173602 48.112621 60.503821
2.285820 1.879980 0.159300

28.509721 24.209941 20.653561
58.761661 52.173602 59.998081
5.623260 2.285820 0.501180

7.419900 15.663360 10.464781
58.854061 61.287121 53.854202
5.859120 0.596160 4.623420

7.419900 12.836641 15.663360
58.854061 65.604901 61.287121
5.859120 0.791820 0.596160

12.836641 18.822061 15.663360
65.604901 60.503821 61.287121
0.791820 0.159300 0.596160

18.822061 18.094261 15.663360
60.503821 52.927681 61.287121
0.159300 1.668000 0.596160

18.094261 18.822061 22.536601
52.927681 60.503821 48.112621
1.668000 0.159300 1.879980

18.094261 10.464781 15.663360
52.927681 53.854202 61.287121
1.668000 4.623420 0.596160

13.821181 10.464781 18.094261
48.361741 53.854202 52.927681
4.963620 4.623420 1.668000

45.413041 41.961061 42.906901
86.228101 87.958682 83.497081
37.459559 37.965000 36.991020

39.971521 41.961061 40.384621
85.085462 87.958682 87.857162
35.389200 37.965000 34.700341

40.384621 40.139582 39.971521
87.857162 81.455342 85.085462
34.700341 29.871360 35.389200

42.906901 39.971521 40.139582
83.497081 85.085462 81.455342
36.991020 35.389200 29.871360

41.961061 39.971521 42.906901
87.958682 85.085462 83.497081
37.965000 35.389200 36.991020

44.641560 41.961061 45.413041
89.285821 87.958682 86.228101
36.305521 37.965000 37.459559

40.456440 40.139582 38.952901
74.589302 81.455342 76.319761
27.067800 29.871360 25.365300

40.456440 38.952901 37.244401
74.589302 76.319761 71.331662
27.067800 25.365300 24.184380

40.456440 37.244401 41.935621
74.589302 71.331662 67.172521
27.067800 24.184380 24.630240

44.894101 40.456440 41.935621
72.553082 74.589302 67.172521
25.997040 27.067800 24.630240

38.374620 38.952901 40.139582
76.277761 76.319761 81.455342
21.039720 25.365300 29.871360

38.952901 38.374620 37.244401
76.319761 76.277761 71.331662
25.365300 21.039720 24.184380

45.870481 44.161441 44.894101
79.681621 79.222981 72.553082
31.563480 31.873501 25.997040

44.161441 42.906901 40.139582
79.222981 83.497081 81.455342
31.873501 36.991020 29.871360

44.161441 40.139582 40.456440
79.222981 81.455342 74.589302
31.873501 29.871360 27.067800

44.161441 40.456440 44.894101
79.222981 74.589302 72.553082
31.873501 27.067800 25.997040

45.870481 42.906901 44.161441
79.681621 83.497081 79.222981
31.563480 36.991020 31.873501

45.413041 42.906901 45.870481
86.228101 83.497081 79.681621
37.459559 36.991020 31.563480

41.265240 40.384621 43.360800
80.884861 87.857162 85.391881
24.383160 34.700341 28.267440

42.324241 38.374620 41.265240
78.201302 76.277761 80.884861
19.646640 21.039720 24.383160

41.265240 38.374620 40.139582
80.884861 76.277761 81.455342
24.383160 21.039720 29.871360

41.265240 40.139582 40.384621
80.884861 81.455342 87.857162
24.383160 29.871360 34.700341

41.265240 43.360800 42.324241
80.884861 85.391881 78.201302
24.383160 28.267440 19.646640

42.324241 43.360800 46.016700
78.201302 85.391881 84.721681
19.646640 28.267440 28.721760

41.961061 42.573361 40.384621
87.958682 89.856302 87.857162
37.965000 35.815980 34.700341

41.961061 44.641560 42.573361
87.958682 89.285821 89.856302
37.965000 36.305521 35.815980

46.016700 43.360800 43.920962
84.721681 85.391881 87.954000
28.721760 28.267440 32.784360

43.920962 40.384621 42.573361
87.954000 87.857162 89.856302
32.784360 34.700341 35.815980

43.920962 42.573361 44.641560
87.954000 89.856302 89.285821
32.784360 35.815980 36.305521

43.920962 43.360800 40.384621
87.954000 85.391881 87.857162
32.784360 28.267440 34.700341

46.656421 46.739221 45.870481
77.642401 83.931962 79.681621
27.244860 32.564401 31.563480

46.739221 46.535701 46.016700
83.931962 75.445561 84.721681
32.564401 21.920400 28.721760

43.920962 46.739221 46.016700
87.954000 83.931962 84.721681
32.784360 32.564401 28.721760

43.920962 44.641560 46.739221
87.954000 89.285821 83.931962
32.784360 36.305521 32.564401

46.739221 44.641560 45.413041
83.931962 89.285821 86.228101
32.564401 36.305521 37.459559

46.739221 45.413041 45.870481
83.931962 86.228101 79.681621
32.564401 37.459559 31.563480

46.656421 45.870481 44.894101
77.642401 79.681621 72.553082
27.244860 31.563480 25.997040

44.664960 46.656421 44.894101
65.956441 77.642401 72.553082
22.205760 27.244860 25.997040

46.656421 44.664960 45.116941
77.642401 65.956441 65.661002
27.244860 22.205760 20.617320

46.656421 46.535701 46.739221
77.642401 75.445561 83.931962
27.244860 21.920400 32.564401

46.535701 46.656421 45.116941
75.445561 77.642401 65.661002
21.920400 27.244860 20.617320

32.521800 30.021241 29.581081
0.000000 0.000000 2.534523
2.000701 1.015500 0.445560

29.581081 30.021241 26.128621
2.534523 0.000000 0.000000
0.445560 1.015500 0.378301

35.976420 33.407460 33.077041
20.153582 4.814583 21.283143
5.189281 2.156340 3.826741

33.407460 37.407841 34.921381
4.814583 3.384240 3.055261
2.156340 4.867020 2.832420

33.407460 35.976420 37.407841
4.814583 20.153582 3.384240
2.156340 5.189281 4.867020

37.407841 35.621940 34.921381
3.384240 0.000000 3.055261
4.867020 4.013940 2.832420

32.521800 34.921381 35.621940
0.000000 3.055261 0.000000
2.000701 2.832420 4.013940

29.581081 33.407460 34.921381
2.534523 4.814583 3.055261
0.445560 2.156340 2.832420

29.581081 33.077041 33.407460
2.534523 21.283143 4.814583
0.445560 3.826741 2.156340

29.581081 34.921381 32.521800
2.534523 3.055261 0.000000
0.445560 2.832420 2.000701

19.671181 16.811941 15.996661
0.000000 0.000000 2.955601
1.342081 2.627160 2.737380

26.046601 26.128621 22.894561
3.085202 0.000000 0.000000
0.000000 0.378301 0.565680

19.306261 22.128961 22.894561
1.601640 3.653283 0.000000
1.215840 0.466141 0.565680

22.894561 19.671181 19.306261
0.000000 0.000000 1.601640
0.565680 1.342081 1.215840

15.996661 19.306261 19.671181
2.955601 1.601640 0.000000
2.737380 1.215840 1.342081

19.306261 15.996661 20.082661
1.601640 2.955601 19.536842
1.215840 2.737380 1.693080

20.082661 22.128961 19.306261
19.536842 3.653283 1.601640
1.693080 0.466141 1.215840

22.128961 20.082661 26.046601
3.653283 19.536842 3.085202
0.466141 1.693080 0.000000

26.046601 22.894561 22.128961
3.085202 0.000000 3.653283
0.000000 0.565680 0.466141

16.343641 13.371001 16.979101
38.062981 37.799821 30.928082
28.313161 28.565581 24.448560

8.035381 13.371001 7.825021
39.414482 37.799821 44.318282
27.440460 28.565581 29.421540

21.980401 16.343641 16.979101
34.406101 38.062981 30.928082
24.604680 28.313161 24.448560

16.343641 21.980401 21.123781
38.062981 34.406101 38.627942
28.313161 24.604680 25.803600

18.247861 16.343641 21.123781
44.690822 38.062981 38.627942
28.953840 28.313161 25.803600

13.371001 16.343641 12.288720
37.799821 38.062981 47.031841
28.565581 28.313161 31.320060

7.825021 13.371001 12.288720
44.318282 37.799821 47.031841
29.421540 28.565581 31.320060

18.247861 12.288720 16.343641
44.690822 47.031841 38.062981
28.953840 31.320060 28.313161

12.666961 14.394721 16.979101
29.958122 26.917502 30.928082
23.206380 22.333501 24.448560

17.856721 18.064201 14.394721
21.105241 26.732880 26.917502
22.465920 23.241660 22.333501

18.064201 16.979101 14.394721
26.732880 30.928082 26.917502
23.241660 24.448560 22.333501

16.979101 13.371001 12.666961
30.928082 37.799821 29.958122
24.448560 28.565581 23.206380

13.371001 8.035381 12.666961
37.799821 39.414482 29.958122
28.565581 27.440460 23.206380

17.856721 12.922741 13.249141
21.105241 23.075162 18.472263
22.465920 20.121000 19.446600

14.394721 12.922741 17.856721
26.917502 23.075162 21.105241
22.333501 20.121000 22.465920

12.666961 12.922741 14.394721
29.958122 23.075162 26.917502
23.206380 20.121000 22.333501

12.922741 12.666961 9.469141
23.075162 29.958122 30.530401
20.121000 23.206380 20.641260

12.133441 15.680581 13.249141
12.653700 9.024303 18.472263
17.641140 21.108360 19.446600

17.856721 13.249141 15.680581
21.105241 18.472263 9.024303
22.465920 19.446600 21.108360

12.133441 10.150021 10.880341
12.653700 25.011960 11.017141
17.641140 17.137320 15.135060

13.249141 10.150021 12.133441
18.472263 25.011960 12.653700
19.446600 17.137320 17.641140

10.150021 13.249141 12.922741
25.011960 18.472263 23.075162
17.137320 19.446600 20.121000

10.150021 9.469141 9.575701
25.011960 30.530401 27.360122
17.137320 20.641260 16.742880

12.922741 9.469141 10.150021
23.075162 30.530401 25.011960
20.121000 20.641260 17.137320

7.745701 9.575701 9.469141
32.769002 27.360122 30.530401
17.394000 16.742880 20.641260

9.432181 10.209601 10.272301
27.362641 22.180202 11.281081
13.305480 10.145940 11.620560

9.432181 10.880341 9.290161
27.362641 11.017141 28.442461
13.305480 15.135060 14.788560

10.880341 9.432181 10.272301
11.017141 27.362641 11.281081
15.135060 13.305480 11.620560

10.150021 9.290161 10.880341
25.011960 28.442461 11.017141
17.137320 14.788560 15.135060

9.575701 9.290161 10.150021
27.360122 28.442461 25.011960
16.742880 14.788560 17.137320

9.290161 9.575701 7.745701
28.442461 27.360122 32.769002
14.788560 16.742880 17.394000

9.554101 9.432181 9.290161
31.190461 27.362641 28.442461
12.404940 13.305480 14.788560

9.290161 7.940581 9.554101
28.442461 34.359961 31.190461
14.788560 13.842900 12.404940

7.745701 7.940581 9.290161
32.769002 34.359961 28.442461
17.394000 13.842900 14.788560

4.716541 7.940581 7.745701
40.043521 34.359961 32.769002
15.279480 13.842900 17.394000

9.400981 7.940581 4.716541
36.780542 34.359961 40.043521
11.040180 13.842900 15.279480

27.681361 22.536601 24.209941
42.864902 48.112621 52.173602
3.438540 1.879980 2.285820

24.209941 28.400941 27.681361
52.173602 52.010702 42.864902
2.285820 3.650700 3.438540

27.681361 28.400941 31.481280
42.864902 52.010702 48.932881
3.438540 3.650700 6.428640

22.536601 27.681361 25.572661
48.112621 42.864902 42.836822
1.879980 3.438540 3.266881

27.681361 23.936581 25.572661
42.864902 33.683762 42.836822
3.438540 2.984280 3.266881

29.280781 27.681361 31.481280
35.313061 42.864902 48.932881
4.711200 3.438540 6.428640

22.515301 25.464421 22.730701
27.971041 30.808981 20.115420
2.416620 3.050281 1.683721

23.936581 25.464421 22.515301
33.683762 30.808981 27.971041
2.984280 3.050281 2.416620

22.515301 22.730701 20.082661
27.971041 20.115420 19.536842
2.416620 1.683721 1.693080

23.936581 27.681361 25.464421
33.683762 42.864902 30.808981
2.984280 3.438540 3.050281

25.464421 27.681361 29.280781
30.808981 42.864902 35.313061
3.050281 3.438540 4.711200

16.876261 19.729381 20.082661
20.863802 24.903120 19.536842
3.032521 2.406060 1.693080

22.515301 20.082661 19.729381
27.971041 19.536842 24.903120
2.416620 1.693080 2.406060

20.082661 15.996661 16.876261
19.536842 2.955601 20.863802
1.693080 2.737380 3.032521

15.996661 14.519521 16.876261
2.955601 19.367280 20.863802
2.737380 4.487340 3.032521

18.094261 18.210241 13.821181
52.927681 43.697222 48.361741
1.668000 3.951420 4.963620

22.536601 18.210241 18.094261
48.112621 43.697222 52.927681
1.879980 3.951420 1.668000

20.880421 18.210241 22.536601
41.142422 43.697222 48.112621
3.806520 3.951420 1.879980

25.572661 20.880421 22.536601
42.836822 41.142422 48.112621
3.266881 3.806520 1.879980

25.572661 23.936581 20.880421
42.836822 33.683762 41.142422
3.266881 2.984280 3.806520

18.210241 16.814101 15.650100
43.697222 36.365522 41.686322
3.951420 5.229361 5.514060

16.814101 18.210241 20.880421
36.365522 43.697222 41.142422
5.229361 3.951420 3.806520

20.880421 23.936581 16.814101
41.142422 33.683762 36.365522
3.806520 2.984280 5.229361

11.195401 15.650100 16.814101
40.888322 41.686322 36.365522
8.844720 5.514060 5.229361

11.195401 13.821181 15.650100
40.888322 48.361741 41.686322
8.844720 4.963620 5.514060

15.650100 13.821181 18.210241
41.686322 48.361741 43.697222
5.514060 4.963620 3.951420

16.814101 17.886481 15.337141
36.365522 31.451281 31.432861
5.229361 4.535820 5.853540

23.936581 17.886481 16.814101
33.683762 31.451281 36.365522
2.984280 4.535820 5.229361

22.515301 17.886481 23.936581
27.971041 31.451281 33.683762
2.416620 4.535820 2.984280

15.337141 17.886481 16.876261
31.432861 31.451281 20.863802
5.853540 4.535820 3.032521

19.729381 17.886481 22.515301
24.903120 31.451281 27.971041
2.406060 4.535820 2.416620

16.876261 17.886481 19.729381
20.863802 31.451281 24.903120
3.032521 4.535820 2.406060

16.876261 14.519521 15.337141
20.863802 19.367280 31.432861
3.032521 4.487340 5.853540

11.195401 15.337141 9.400981
40.888322 31.432861 36.780542
8.844720 5.853540 11.040180

16.814101 15.337141 11.195401
36.365522 31.432861 40.888322
5.229361 5.853540 8.844720

10.209601 9.432181 11.155141
22.180202 27.362641 29.970841
10.145940 13.305480 9.913981

11.155141 9.432181 9.554101
29.970841 27.362641 31.190461
9.913981 13.305480 12.404940

7.940581 11.155141 9.554101
34.359961 29.970841 31.190461
13.842900 9.913981 12.404940

9.400981 12.843601 11.155141
36.780542 29.096881 29.970841
11.040180 7.725780 9.913981

11.155141 7.940581 9.400981
29.970841 34.359961 36.780542
9.913981 13.842900 11.040180

12.843601 9.400981 15.337141
29.096881 36.780542 31.432861
7.725780 11.040180 5.853540

14.519521 12.843601 15.337141
19.367280 29.096881 31.432861
4.487340 7.725780 5.853540

10.272301 11.265481 11.141581
11.281081 11.834940 1.324922
11.620560 7.959120 8.024400

11.265481 10.272301 10.209601
11.834940 11.281081 22.180202
7.959120 11.620560 10.145940

11.265481 10.209601 11.409721
11.834940 22.180202 20.834702
7.959120 10.145940 7.885620

10.209601 11.155141 11.409721
22.180202 29.970841 20.834702
10.145940 9.913981 7.885620

11.409721 11.155141 12.843601
20.834702 29.970841 29.096881
7.885620 9.913981 7.725780

11.409721 12.843601 14.519521
20.834702 29.096881 19.367280
7.885620 7.725780 4.487340

11.265481 11.409721 13.282440
11.834940 20.834702 2.534341
7.959120 7.885620 4.935721

11.141581 11.265481 13.282440
1.324922 11.834940 2.534341
8.024400 7.959120 4.935721

11.409721 14.519521 13.282440
20.834702 19.367280 2.534341
7.885620 4.487340 4.935721

2.147942 0.784741 4.810562
54.962341 55.620601 40.863361
28.075440 26.756701 24.186000

7.808762 4.810562 4.364220
35.721481 40.863361 38.714762
24.379980 24.186000 20.634480

4.810562 0.784741 4.364220
40.863361 55.620601 38.714762
24.186000 26.756701 20.634480

7.808762 4.364220 9.469141
35.721481 38.714762 30.530401
24.379980 20.634480 20.641260

12.666961 7.808762 9.469141
29.958122 35.721481 30.530401
23.206380 24.379980 20.641260

8.035381 4.810562 7.808762
39.414482 40.863361 35.721481
27.440460 24.186000 24.379980

4.810562 8.035381 2.147942
40.863361 39.414482 54.962341
24.186000 27.440460 28.075440

8.035381 7.808762 12.666961
39.414482 35.721481 29.958122
27.440460 24.379980 23.206380

0.756902 2.196241 0.000000
53.119441 46.990021 55.704961
21.173400 21.169920 24.647940

2.196241 0.756902 4.120021
46.990021 53.119441 49.268762
21.169920 21.173400 13.126860

2.196241 4.716541 3.772742
46.990021 40.043521 40.583462
21.169920 15.279480 18.866040

4.120021 4.716541 2.196241
49.268762 40.043521 46.990021
13.126860 15.279480 21.169920

2.196241 3.772742 4.364220
46.990021 40.583462 38.714762
21.169920 18.866040 20.634480

4.364220 0.000000 2.196241
38.714762 55.704961 46.990021
20.634480 24.647940 21.169920

4.716541 4.364220 3.772742
40.043521 38.714762 40.583462
15.279480 20.634480 18.866040

19.816441 26.388361 23.109601
104.972463 102.526742 103.188540
30.762660 23.638680 23.900820

22.785421 23.109601 25.597561
93.504542 103.188540 92.970182
12.700260 23.900820 11.128740

22.785421 19.816441 23.109601
93.504542 104.972463 103.188540
12.700260 30.762660 23.900820

28.060801 26.388361 19.816441
101.130302 102.526742 104.972463
25.767240 23.638680 30.762660

26.388361 28.060801 30.014881
102.526742 101.130302 91.320180
23.638680 25.767240 11.910660

23.109601 26.388361 25.597561
103.188540 102.526742 92.970182
23.900820 23.638680 11.128740

25.597561 26.388361 30.014881
92.970182 102.526742 91.320180
11.128740 23.638680 11.910660

8.566621 7.368720 9.471121
64.725181 66.846061 76.652461
3.888420 5.847841 5.463601

7.368720 6.401401 6.680641
66.846061 63.299761 68.015402
5.847841 9.426180 10.014540

7.368720 6.680641 7.899000
66.846061 68.015402 74.239681
5.847841 10.014540 7.830540

7.368720 7.899000 9.471121
66.846061 74.239681 76.652461
5.847841 7.830540 5.463601

7.368720 8.566621 7.419900
66.846061 64.725181 58.854061
5.847841 3.888420 5.859120

6.401401 7.368720 7.419900
63.299761 66.846061 58.854061
9.426180 5.847841 5.859120

8.566621 12.836641 7.419900
64.725181 65.604901 58.854061
3.888420 0.791820 5.859120

36.141240 31.481280 33.274021
54.366541 48.932881 55.604161
8.084700 6.428640 6.834780

36.141240 38.363040 38.056741
54.366541 56.788681 49.938541
8.084700 10.920900 9.291660

28.400941 33.274021 31.481280
52.010702 55.604161 48.932881
3.650700 6.834780 6.428640

28.400941 28.509721 33.274021
52.010702 58.761661 55.604161
3.650700 5.623260 6.834780

36.794581 36.141240 33.274021
60.858241 54.366541 55.604161
9.095701 8.084700 6.834780

36.141240 36.794581 38.363040
54.366541 60.858241 56.788681
8.084700 9.095701 10.920900

36.794581 33.274021 28.509721
60.858241 55.604161 58.761661
9.095701 6.834780 5.623260

32.795760 29.280781 34.574581
34.932062 35.313061 39.402182
6.173760 4.711200 7.226040

29.280781 31.481280 34.574581
35.313061 48.932881 39.402182
4.711200 6.428640 7.226040

36.141240 34.574581 31.481280
54.366541 39.402182 48.932881
8.084700 7.226040 6.428640

34.574581 36.141240 38.056741
39.402182 54.366541 49.938541
7.226040 8.084700 9.291660

34.574581 38.056741 38.726581
39.402182 49.938541 39.140761
7.226040 9.291660 10.982580

38.726581 38.057341 34.574581
39.140761 34.208041 39.402182
10.982580 11.567280 7.226040

34.574581 38.057341 32.795760
39.402182 34.208041 34.932062
7.226040 11.567280 6.173760

32.795760 38.057341 35.860801
34.932062 34.208041 30.843242
6.173760 11.567280 8.432520

32.795760 35.860801 32.630521
34.932062 30.843242 28.734121
6.173760 8.432520 5.504941

26.413561 27.873721 22.730701
24.177003 12.555660 20.115420
2.920440 1.306320 1.683721

25.464421 29.878381 26.413561
30.808981 27.902942 24.177003
3.050281 4.273980 2.920440

22.730701 25.464421 26.413561
20.115420 30.808981 24.177003
1.683721 3.050281 2.920440

29.878381 25.464421 29.280781
27.902942 30.808981 35.313061
4.273980 3.050281 4.711200

29.878381 29.280781 32.795760
27.902942 35.313061 34.932062
4.273980 4.711200 6.173760

32.795760 32.630521 29.878381
34.932062 28.734121 27.902942
6.173760 5.504941 4.273980

26.413561 29.878381 33.077041
24.177003 27.902942 21.283143
2.920440 4.273980 3.826741

27.873721 26.413561 33.077041
12.555660 24.177003 21.283143
1.306320 2.920440 3.826741

29.878381 32.630521 33.077041
27.902942 28.734121 21.283143
4.273980 5.504941 3.826741

8.875021 9.338101 12.222000
105.570420 101.920681 105.743701
23.208660 23.765820 26.401320

11.320260 8.875021 12.222000
108.232681 105.570420 105.743701
23.883960 23.208660 26.401320

12.222000 14.838661 11.320260
105.743701 106.490343 108.232681
26.401320 24.902520 23.883960

11.320260 14.838661 14.114521
108.232681 106.490343 105.039600
23.883960 24.902520 20.271060

14.114521 16.506241 12.782221
105.039600 101.635863 102.295260
20.271060 16.999500 15.897600

16.211161 12.782221 16.506241
93.164703 102.295260 101.635863
9.188821 15.897600 16.999500

8.875021 11.320260 9.605821
105.570420 108.232681 103.580883
23.208660 23.883960 18.527160

14.114521 12.782221 9.605821
105.039600 102.295260 103.580883
20.271060 15.897600 18.527160

11.320260 14.114521 9.605821
108.232681 105.039600 103.580883
23.883960 20.271060 18.527160

10.990680 13.299901 9.338101
96.557161 100.958641 101.920681
19.886520 24.920761 23.765820

10.990680 9.928441 12.659281
96.557161 88.107301 92.672281
19.886520 14.599380 19.012440

12.659281 9.928441 15.743041
92.672281 88.107301 88.117143
19.012440 14.599380 15.851820

10.990680 12.659281 15.645301
96.557161 92.672281 95.526241
19.886520 19.012440 19.930380

10.990680 15.645301 13.299901
96.557161 95.526241 100.958641
19.886520 19.930380 24.920761

15.645301 12.659281 15.743041
95.526241 92.672281 88.117143
19.930380 19.012440 15.851820

8.797861 8.703480 8.875021
97.523882 96.807182 105.570420
15.359160 17.444280 23.208660

8.099100 9.928441 8.703480
88.606321 88.107301 96.807182
11.928780 14.599380 17.444280

8.703480 9.928441 10.990680
96.807182 88.107301 96.557161
17.444280 14.599380 19.886520

9.338101 8.703480 10.990680
101.920681 96.807182 96.557161
23.765820 17.444280 19.886520

9.338101 8.875021 8.703480
101.920681 105.570420 96.807182
23.765820 23.208660 17.444280

9.605821 8.797861 8.875021
103.580883 97.523882 105.570420
18.527160 15.359160 23.208660

11.864340 12.782221 16.211161
92.199841 102.295260 93.164703
7.611720 15.897600 9.188821

11.864340 16.211161 14.745541
92.199841 93.164703 87.082381
7.611720 9.188821 5.519401

9.605821 11.864340 10.506240
103.580883 92.199841 92.451900
18.527160 7.611720 8.392320

11.864340 9.605821 12.782221
92.199841 103.580883 102.295260
7.611720 18.527160 15.897600

8.797861 9.605821 10.506240
97.523882 103.580883 92.451900
15.359160 18.527160 8.392320

9.471121 7.899000 8.145121
76.652461 74.239681 89.148420
5.463601 7.830540 10.241280

8.145121 7.899000 8.099100
89.148420 74.239681 88.606321
10.241280 7.830540 11.928780

8.703480 8.145121 8.099100
96.807182 89.148420 88.606321
17.444280 10.241280 11.928780

10.506240 8.991481 8.145121
92.451900 87.528062 89.148420
8.392320 7.866960 10.241280

9.471121 8.145121 8.991481
76.652461 89.148420 87.528062
5.463601 10.241280 7.866960

8.797861 8.145121 8.703480
97.523882 89.148420 96.807182
15.359160 10.241280 17.444280

8.797861 10.506240 8.145121
97.523882 92.451900 89.148420
15.359160 8.392320 10.241280

11.278920 9.471121 11.141041
78.679442 76.652461 84.575222
4.460521 5.463601 5.301540

9.471121 8.991481 11.141041
76.652461 87.528062 84.575222
5.463601 7.866960 5.301540

8.991481 10.506240 11.141041
87.528062 92.451900 84.575222
7.866960 8.392320 5.301540

11.141041 10.506240 11.864340
84.575222 92.451900 92.199841
5.301540 8.392320 7.611720

11.141041 11.864340 14.745541
84.575222 92.199841 87.082381
5.301540 7.611720 5.519401

11.141041 13.524781 11.278920
84.575222 77.509441 78.679442
5.301540 3.859740 4.460521

11.141041 14.745541 13.524781
84.575222 87.082381 77.509441
5.301540 5.519401 3.859740

11.278920 13.524781 14.747221
78.679442 77.509441 69.006241
4.460521 3.859740 1.040701

12.836641 11.278920 14.747221
65.604901 78.679442 69.006241
0.791820 4.460521 1.040701

12.836641 8.566621 11.278920
65.604901 64.725181 78.679442
0.791820 3.888420 4.460521

8.566621 9.471121 11.278920
64.725181 76.652461 78.679442
3.888420 5.463601 4.460521

